knapPI_0_10_269_1
10 269
55 95
10 4
47 60
5 32
4 23
50 72
8 80
61 62
85 65
87 46
knapPI_0_20_878_1
20 878
44 92
46 4
90 43
72 83
91 84
40 68
75 92
35 82
8 6
54 44
78 32
40 18
77 56
15 83
61 25
17 96
75 70
29 48
75 14
63 58
knapPI_0_4_20_1
4 20
9 6
11 5
13 9
15 7
knapPI_0_4_11_1
4 11
6 2
10 4
12 6
13 7
knapPI_0_10_60_1
10 60
20 30
18 25
17 20
15 18
15 17
10 11
5 5
3 2
1 1
1 1
knapPI_0_7_50_1
7 50
70 31
20 10
39 20
37 19
7 4
5 3
10 6
knapPI_0_23_10000_1
23 10000
981 983
980 982
979 981
978 980
977 979
976 978
487 488
974 976
970 972
485 486
485 486
970 972
970 972
484 485
484 485
976 969
974 966
482 483
962 964
961 963
959 961
958 958
857 959
knapPI_0_5_80_1
5 80
33 15
24 20
36 17
37 8
12 31
knapPI_0_20_879_1
20 879
91 84
72 83
90 43
46 4
55 44
8 6
35 82
75 92
61 25
15 83
77 56
40 18
63 58
75 14
29 48
75 70
17 96
78 32
40 68
44 92