knapPI_1_100_1000_0
96 21
99 12
52 30
100 24
46 45
43 47
22 41
20 36
84 38
73 45
53 4
83 17
52 1
56 42
22 26
59 19
15 12
6 27
69 15
61 4
22 5
41 4
63 21
56 7
13 23
17 45
1 18
42 7
49 29
16 44
67 18
2 3
12 8
96 4
98 38
4 23
50 34
87 35
25 29
84 32
82 44
63 34
1 44
38 24
91 8
69 4
38 36
64 16
25 34
58 33
99 27
85 36
29 26
69 25
36 25
99 47
9 20
26 6
82 13
9 35
54 42
81 49
74 11
15 39
44 30
36 21
48 26
59 25
15 33
91 38
65 16
17 5
57 42
94 20
79 39
69 9
47 6
27 46
57 44
25 50
32 44
92 2
89 28
80 50
93 26
18 44
52 4
63 50
92 47
67 29
39 22
75 17
82 37
61 1
9 19
93 47
6 28
53 24
12 25
39 16
knapPI_2_100_1000_0
15 60
42 60
21 27
25 79
48 47
2 15
51 25
15 42
46 2
5 31
57 66
40 36
56 26
39 51
85 59
22 8
23 77
55 41
75 87
90 71
84 71
73 34
65 40
50 72
21 35
35 65
51 74
2 3
54 8
24 89
96 17
27 72
52 75
15 47
22 44
78 39
51 44
29 91
4 66
60 10
84 84
77 86
65 69
33 75
7 67
50 46
57 89
79 42
3 66
3 88
19 66
29 3
18 12
13 55
79 39
71 87
91 19
97 43
54 24
82 42
57 84
31 94
33 68
34 78
97 95
86 35
94 39
21 28
35 70
50 91
12 55
27 23
59 88
15 84
56 34
45 10
27 2
23 51
47 63
30 88
98 7
37 6
11 8
47 76
67 25
62 26
4 69
73 34
30 39
54 56
58 87
79 50
5 17
28 12
21 17
70 18
85 91
63 5
28 62
88 26